001111111111111111
100001100000010000
000100001110010100
100000011000001000
000100001110101000
100000011000001000
000100001110111100
100000011000001000
000100001111010000
100000011000001000
000100001111100100
100000011000001000
000100001111111000
100000011000001000
000100010000001100
100000011000001000
000100010000100000
100000011000001000
000100010000110100
100000011000001000
000100010001001000
100000011000001000
000100010001011100
100000011000001000
000100010001110000
100000011000001000
000100010010000100
100000011000001000
000100010010011000
100000011000001000
000100010010101100
100000011000001000
000100010011000000
100000011000001000
000100010011010100
100000011000001000
000100010011101000
100000011000001000
000100010011111100
100000011000001000
000100010100010000
100000011000001000
000100010100100100
100000011000001000
000100010100111000
100000011000001000
000100010101001100
100000011000001000
000100010101100000
100000011000001000
000100010101110100
100000011000001000
000100010110001000
100000011000001000
000100010110011100
100000011000001000
000100010110110000
100000011000001000
000100010111000100
100000011000001000
000100010111011000
100000011000001000
000100010111101100
100000011000001000
000100011000000000
100000011000001000
000100011000010100
100000011000001000
000100011000101000
100000011000001000
000100011000111100
100000011000001000
000100011001010000
100000011000001000
000100011001100100
100000011000001000
000100011001111000
100000011000001000
000100011010001100
100000011000001000
000100011010100000
100000011000001000
000100011010110100
100000011000001000
000100011011001000
100000011000001000
000100001110010001
100000011000001000
000100001110100101
100000011000001000
000100001110111001
100000011000001000
000100001111001101
100000011000001000
000100001111100001
100000011000001000
000100001111110101
100000011000001000
000100010000001001
100000011000001000
000100010000011101
100000011000001000
000100010000110001
100000011000001000
000100010001000101
100000011000001000
000100010001011001
100000011000001000
000100010001101101
100000011000001000
000100010010000001
100000011000001000
000100010010010101
100000011000001000
000100010010101001
100000011000001000
000100010010111101
100000011000001000
000100010011010001
100000011000001000
000100010011100101
100000011000001000
000100010011111001
100000011000001000
000100010100001101
100000011000001000
000100010100100001
100000011000001000
000100010100110101
100000011000001000
000100010101001001
100000011000001000
000100010101011101
100000011000001000
000100010101110001
100000011000001000
000100010110000101
100000011000001000
000100010110011001
100000011000001000
000100010110101101
100000011000001000
000100010111000001
100000011000001000
000100010111010101
100000011000001000
000100010111101001
100000011000001000
000100010111111101
100000011000001000
000100011000010001
100000011000001000
000100011000100101
100000011000001000
000100011000111001
100000011000001000
000100011001001101
100000011000001000
000100011001100001
100000011000001000
000100011001110101
100000011000001000
000100011010001001
100000011000001000
000100011010011101
100000011000001000
000100011010110001
100000011000001000
000100011011000101
100000011000001000
000100010011111010
100000011000001000
000100010100001110
100000011000001000
000100010100100010
100000011000001000
000100010100110110
100000011000001000
000100010101001010
100000011000001000
000100010101011110
100000011000001000
000100010011111011
100000011000001000
000100010100001111
100000011000001000
000100010100100011
100000011000001000
000100010100110111
100000011000001000
000100010101001011
100000011000001000
000100010101011111
100000011000001000
