001111000000001111
100001100000010000
000100000001111000
100000011000001000
000100000010001100
100000011000001000
000100000010100000
100000011000001000
000100000010110100
100000011000001000
000100000011001000
100000011000001000
000100000011011100
100000011000001000
001111111111111111
100001100000010000
000100000011110000
100000011000001000
001111111111111111
100001100000010000
000100000100000100
100000011000001000
001111111111111111
100001100000010000
000100000100011000
100000011000001000
001111111111111111
100001100000010000
000100000100101100
100000011000001000
001111000000001111
100001100000010000
000100000101000000
100000011000001000
000100000101010100
100000011000001000
000100000101101000
100000011000001000
000100000101111100
100000011000001000
000100000110010000
100000011000001000
000100000110100100
100000011000001000
001111111111111111
100001100000010000
000100000001111001
100000011000001000
001111111111111111
100001100000010000
000100000010001101
100000011000001000
001111000000001111
100001100000010000
000100000010100001
100000011000001000
001111000000001111
100001100000010000
000100000010110101
100000011000001000
000100000011001001
100000011000001000
000100000011011101
100000011000001000
001111111111111111
100001100000010000
000100000011110001
100000011000001000
001111111111111111
100001100000010000
000100000100000101
100000011000001000
001111111111111111
100001100000010000
000100000100011001
100000011000001000
001111111111111111
100001100000010000
000100000100101101
100000011000001000
001111000000001111
100001100000010000
000100000101000001
100000011000001000
000100000101010101
100000011000001000
000100000101101001
100000011000001000
000100000101111101
100000011000001000
000100000110010001
100000011000001000
000100000110100101
100000011000001000
001111111111111111
100001100000010000
000100000001111010
100000011000001000
001111111111111111
100001100000010000
000100000010001110
100000011000001000
001111000000001111
100001100000010000
000100000010100010
100000011000001000
001111000000001111
100001100000010000
000100000010110110
100000011000001000
001111000000001111
100001100000010000
000100000011001010
100000011000001000
001111000000001111
100001100000010000
000100000011011110
100000011000001000
001111111111111111
100001100000010000
000100000011110010
100000011000001000
001111111111111111
100001100000010000
000100000100000110
100000011000001000
001111111111111111
100001100000010000
000100000100011010
100000011000001000
001111111111111111
100001100000010000
000100000100101110
100000011000001000
000000000111111111
100001100000010000
000100000101000010
100000011000001000
000000001111101111
100001100000010000
000100000101010110
100000011000001000
000000011111001111
100001100000010000
000100000101101010
100000011000001000
000000111110001111
100001100000010000
000100000101111110
100000011000001000
000001111100001111
100001100000010000
000100000110010010
100000011000001000
000011111000001111
100001100000010000
000100000110100110
100000011000001000
000000001111111111
100001100000010000
000100000001111011
100000011000001000
000000001111111111
100001100000010000
000100000010001111
100000011000001000
000000110000001111
100001100000010000
000100000010100011
100000011000001000
000001110000001111
100001100000010000
000100000010110111
100000011000001000
000011110000001111
100001100000010000
000100000011001011
100000011000001000
001111000000001111
100001100000010000
000100000011011111
100000011000001000
001111000000001111
100001100000010000
000100000011110011
100000011000001000
001111000000001111
100001100000010000
000100000100000111
100000011000001000
001111000000001111
100001100000010000
000100000100011011
100000011000001000
001111000000001111
100001100000010000
000100000100101111
100000011000001000
001111000000001111
100001100000010000
000100000101000011
100000011000001000
000011110000001111
100001100000010000
000100000101010111
100000011000001000
000001110000001111
100001100000010000
000100000101101011
100000011000001000
000000110000001111
100001100000010000
000100000101111111
100000011000001000
000000001111111111
100001100000010000
000100000110010011
100000011000001000
000000001111111111
100001100000010000
000100000110100111
100000011000001000
001110000000000111
100001100000010000
000100000001111100
100000011000001000
001110000000000111
100001100000010000
000100000010010000
100000011000001000
001110000000000111
100001100000010000
000100000010100100
100000011000001000
001110000000000111
100001100000010000
000100000010111000
100000011000001000
000111000110001110
100001100000010000
000100000011001100
100000011000001000
000111000110001110
100001100000010000
000100000011100000
100000011000001000
000111000110001110
100001100000010000
000100000011110100
100000011000001000
000111000110001110
100001100000010000
000100000100001000
100000011000001000
000011101001011100
100001100000010000
000100000100011100
100000011000001000
000011101001011100
100001100000010000
000100000100110000
100000011000001000
000011101001011100
100001100000010000
000100000101000100
100000011000001000
000011101001011100
100001100000010000
000100000101011000
100000011000001000
000001111001111000
100001100000010000
000100000101101100
100000011000001000
000001111001111000
100001100000010000
000100000110000000
100000011000001000
000001111001111000
100001100000010000
000100000110010100
100000011000001000
000001111001111000
100001100000010000
000100000110101000
100000011000001000
001111111111111111
100001100000010000
000100000001111101
100000011000001000
001111111111111111
100001100000010000
000100000010010001
100000011000001000
001111000000001111
100001100000010000
000100000010100101
100000011000001000
001111000000001111
100001100000010000
000100000010111001
100000011000001000
000100000011001101
100000011000001000
000100000011100001
100000011000001000
001111111111111111
100001100000010000
000100000011110101
100000011000001000
001111111111111111
100001100000010000
000100000100001001
100000011000001000
001111111111111111
100001100000010000
000100000100011101
100000011000001000
001111111111111111
100001100000010000
000100000100110001
100000011000001000
001111000000001111
100001100000010000
000100000101000101
100000011000001000
000100000101011001
100000011000001000
000100000101101101
100000011000001000
000100000110000001
100000011000001000
000100000110010101
100000011000001000
000100000110101001
100000011000001000
001111111111111111
100001100000010000
000100000001111110
100000011000001000
001111111111111111
100001100000010000
000100000010010010
100000011000001000
001111000000001111
100001100000010000
000100000010100110
100000011000001000
001111000000001111
100001100000010000
000100000010111010
100000011000001000
001111000000001111
100001100000010000
000100000011001110
100000011000001000
001111000000001111
100001100000010000
000100000011100010
100000011000001000
001111111111111111
100001100000010000
000100000011110110
100000011000001000
001111111111111111
100001100000010000
000100000100001010
100000011000001000
001111111111111111
100001100000010000
000100000100011110
100000011000001000
001111111111111111
100001100000010000
000100000100110010
100000011000001000
000000000111111111
100001100000010000
000100000101000110
100000011000001000
000000001111101111
100001100000010000
000100000101011010
100000011000001000
000000011111001111
100001100000010000
000100000101101110
100000011000001000
000000111110001111
100001100000010000
000100000110000010
100000011000001000
000001111100001111
100001100000010000
000100000110010110
100000011000001000
000011111000001111
100001100000010000
000100000110101010
100000011000001000
001111111111111111
100001100000010000
000100000001111111
100000011000001000
001111111111111111
100001100000010000
000100000010010011
100000011000001000
000000000000001111
100001100000010000
000100000010100111
100000011000001000
000000000000001111
100001100000010000
000100000010111011
100000011000001000
000000000000001111
100001100000010000
000100000011001111
100000011000001000
000000000000001111
100001100000010000
000100000011100011
100000011000001000
000000000000001111
100001100000010000
000100000011110111
100000011000001000
001111111111111111
100001100000010000
000100000100001011
100000011000001000
001111111111111111
100001100000010000
000100000100011111
100000011000001000
000000000000001111
100001100000010000
000100000100110011
100000011000001000
000000000000001111
100001100000010000
000100000101000111
100000011000001000
000000000000001111
100001100000010000
000100000101011011
100000011000001000
000000000000001111
100001100000010000
000100000101101111
100000011000001000
000000000000001111
100001100000010000
000100000110000011
100000011000001000
001111111111111111
100001100000010000
000100000110010111
100000011000001000
001111111111111111
100001100000010000
000100000110101011
100000011000001000
