000000000000000000
100001100000100000
100010011010100000
000100100101111111
100010011000001000
100001101111000000
100010011000001000
100001101111000000
100010011000001000
100001101111000000
100010011000001000
000100100110010011
100010011000001000
100001101111000000
100010011000001000
100001101111000000
100010011000001000
100001101111000000
100010011000001000
000100100110100111
100010011000001000
000100100110101010
100010011000001000
000100100110111011
100010011000001000
000100100110111110
100010011000001000
000100100111001111
100010011000001000
000100100111010010
100010011000001000
000100100111100011
100010011000001000
000100100111100110
100010011000001000
000100100111110111
100010011000001000
100001101111000000
100010011000001000
100001101111000000
100010011000001000
100001101111000000
100010011000001000
000100101000001011
100010011000001000
100001101111000000
100010011000001000
100001101111000000
100010011000001000
000100101000011111
100010011000001000
100001101111000000
100010011000001000
100001101111000000
100010011000001000
000100101000110011
100010011000001000
100001101111000000
100010011000001000
100001101111000000
100010011000001000
000100101001000111
100010011000001000
000100101001001001
100010011000001000
100001101111000000
100010011000001000
000100101001011011
100010011000001000
000100101001011101
100010011000001000
100001101111000000
100010011000001000
000100101001101111
100010011000001000
000100101001011101
100010011000001000
100001101111000000
100010011000001000
000100101010000011
100010011000001000
000100101010000110
100010011000001000
100001101111000000
100010011000001000
000100101010010111
100010011000001000
000100101010011011
100010011000001000
000100101010101011
100010011000001000
000100101010101111
100010011000001000
000000000000000101
100001100000100000
000101001011000000
100010011000001000
